IRoot 0.12.1.19-gabriela																																	
classlabels	{'B|N', 'B|T', 'C|N', 'C|T', 'E|N', 'E|T', 'F|N', 'F|T', 'G|N', 'G|T'}																																
fea_x	1782.69	1751.92	1721.15	1690.38	1659.62	1628.85	1598.08	1567.31	1536.54	1505.77	1475	1444.23	1413.46	1382.69	1351.92	1321.15	1290.38	1259.62	1228.85	1198.08	1167.31	1136.54	1105.77	1075	1044.23	1013.46	982.692	951.923	921.154				
table																																	
groupcodes	groupnumbers	obsnames	obsids	classes	X	X	X	X	X	X	X	X	X	X	X	X	X	X	X	X	X	X	X	X	X	X	X	X	X	X	X	X	X
B082F	14	B082F.0.DAT	27928	0	0.00372363	0.0224834	0.103965	0.500516	0.914502	0.867058	0.52275	0.555985	0.6601	0.469845	0.27699	0.284253	0.275845	0.256964	0.18074	0.171734	0.173059	0.214917	0.230907	0.164074	0.164972	0.194935	0.231452	0.221631	0.156819	0.0893218	0.04259	0.0178848	0.0071905
B082F	14	B082F.1.DAT	27929	0	0.00221416	0.0189345	0.100946	0.463061	0.883306	0.923428	0.571257	0.589509	0.714598	0.515208	0.310625	0.316428	0.305852	0.281763	0.201739	0.192599	0.194071	0.233456	0.2433	0.165682	0.166162	0.193661	0.234017	0.227408	0.166038	0.0967708	0.0464498	0.0163804	0.00810881
B082F	14	B082F.2.DAT	27930	0	0.00132311	0.0174902	0.0928759	0.467861	0.894745	0.896198	0.536091	0.565666	0.697306	0.501257	0.293171	0.300541	0.291826	0.274761	0.195875	0.187043	0.189006	0.22861	0.242174	0.168333	0.168469	0.196854	0.235267	0.227562	0.165791	0.0966783	0.0475072	0.0193506	0.00929735
B082F	14	B082F.3.DAT	27931	0	0.00223698	0.0181053	0.0990258	0.462309	0.886234	0.919361	0.562321	0.585125	0.712153	0.510791	0.306042	0.313417	0.302615	0.279142	0.199207	0.190824	0.191909	0.230577	0.23955	0.163041	0.161965	0.189262	0.229333	0.224636	0.164411	0.0954113	0.0452597	0.0168593	0.00704873
B082F	14	B082F.4.DAT	27932	0	0.0028409	0.0185943	0.096762	0.465793	0.890718	0.915653	0.559057	0.582062	0.712765	0.513459	0.309606	0.315361	0.303211	0.279939	0.199246	0.189506	0.190746	0.229638	0.239383	0.16736	0.166027	0.194843	0.237365	0.233186	0.172317	0.0993561	0.0492058	0.018988	0.00760138
B121B	19	B121B.0.DAT	28241	1	0.00277902	0.0178988	0.0887341	0.423338	0.853869	0.910482	0.538162	0.541017	0.687247	0.527464	0.299897	0.297804	0.282608	0.270997	0.187094	0.176422	0.182075	0.234482	0.264586	0.175387	0.163807	0.192095	0.241158	0.243346	0.171472	0.0967673	0.0434878	0.0165049	0.0073003
B121B	19	B121B.1.DAT	28242	1	0.00319293	0.0145824	0.0849671	0.413229	0.85021	0.914142	0.523649	0.526014	0.700312	0.545228	0.2981	0.294106	0.274496	0.268546	0.18233	0.172706	0.180253	0.236082	0.269136	0.175547	0.164369	0.195209	0.250332	0.253403	0.179551	0.100566	0.0460036	0.0171141	0.00904503
B121B	19	B121B.2.DAT	28243	1	0.00156196	0.0161759	0.0866664	0.4291	0.863615	0.885361	0.509896	0.52054	0.671131	0.517999	0.286734	0.284701	0.269278	0.260601	0.179265	0.169062	0.175384	0.230163	0.259926	0.171742	0.160252	0.187777	0.237285	0.238845	0.169711	0.0962731	0.0420885	0.0163439	0.00829389
B121B	19	B121B.3.DAT	28244	1	0.00227326	0.0187435	0.0934672	0.435851	0.859315	0.913044	0.551552	0.552366	0.703712	0.555942	0.316787	0.31294	0.292989	0.281552	0.196739	0.185591	0.190171	0.242817	0.271177	0.181992	0.172012	0.199117	0.247608	0.249028	0.179756	0.105202	0.0488016	0.0207701	0.0102854
B121B	19	B121B.4.DAT	28245	1	0.00282435	0.0185808	0.0988937	0.44075	0.864414	0.919673	0.555472	0.55796	0.712606	0.548055	0.317394	0.314357	0.296813	0.283895	0.20051	0.191492	0.196702	0.247896	0.27295	0.181972	0.169626	0.195101	0.243538	0.241798	0.170981	0.098061	0.046446	0.0185535	0.0100385
C101F	38	C101F.0.DAT	29631	2	0.00465668	0.0226006	0.0924151	0.408654	0.831135	0.943878	0.574	0.581592	0.776362	0.610016	0.34317	0.341156	0.327405	0.308365	0.212578	0.200704	0.20086	0.245468	0.265635	0.163808	0.148766	0.178354	0.239222	0.250493	0.17724	0.0957013	0.0550203	0.0243483	0.0106603
C101F	38	C101F.1.DAT	29632	2	0.00448572	0.0217855	0.0907303	0.405969	0.829596	0.948771	0.587417	0.59509	0.783894	0.609357	0.35078	0.348106	0.335033	0.313282	0.219992	0.208935	0.209007	0.250329	0.265073	0.166199	0.153414	0.182013	0.240109	0.249161	0.174093	0.094203	0.0535475	0.0219656	0.00922749
C101F	38	C101F.2.DAT	29633	2	0.00369176	0.0189342	0.083393	0.394643	0.821526	0.952236	0.580933	0.579729	0.78194	0.613676	0.338573	0.334891	0.31791	0.298813	0.19959	0.185528	0.184874	0.228748	0.251643	0.153675	0.144518	0.177113	0.243785	0.264233	0.197347	0.114664	0.0726659	0.0388731	0.0195497
C101F	38	C101F.3.DAT	29634	2	0.00395877	0.0211153	0.0892222	0.390406	0.811276	0.957603	0.594264	0.590315	0.789032	0.618579	0.351839	0.350906	0.337252	0.315721	0.220885	0.20922	0.209921	0.25213	0.268342	0.163994	0.15222	0.180891	0.241849	0.256364	0.186161	0.103784	0.0585314	0.0241292	0.0113556
C101F	38	C101F.4.DAT	29635	2	0.00304069	0.0164398	0.0808652	0.364616	0.785094	0.963985	0.59566	0.575474	0.786836	0.620964	0.351824	0.349243	0.335465	0.318841	0.22141	0.208504	0.208954	0.250765	0.272103	0.163371	0.147003	0.177447	0.246805	0.272108	0.200493	0.109929	0.0631626	0.0262354	0.0123811
C033D	29	C033D.0.DAT	20058	3	0.00436523	0.0361561	0.0924859	0.387069	0.831515	0.914406	0.518324	0.537482	0.700572	0.478178	0.304167	0.357148	0.286892	0.31882	0.202125	0.17896	0.183879	0.236335	0.243184	0.137789	0.146874	0.186165	0.248528	0.252846	0.180634	0.114622	0.0835836	0.0312618	0.0124942
C033D	29	C033D.1.DAT	20059	3	0.00868638	0.032329	0.0873794	0.375373	0.838443	0.90962	0.502433	0.517356	0.672352	0.471862	0.300594	0.36815	0.279058	0.311975	0.191275	0.168879	0.176645	0.231035	0.241538	0.134537	0.149039	0.196539	0.268993	0.26539	0.194081	0.122393	0.0986632	0.0325751	0.0129439
C033D	29	C033D.2.DAT	20060	3	0.00301975	0.062103	0.0991076	0.422287	0.87081	0.894054	0.480528	0.516456	0.657552	0.443378	0.248842	0.327454	0.250883	0.279481	0.166821	0.153942	0.154857	0.21171	0.221863	0.128219	0.134634	0.198784	0.271291	0.235316	0.185466	0.124026	0.0982693	0.0346918	0.0256819
C033D	29	C033D.3.DAT	20061	3	0.00623285	0.0263297	0.076361	0.389753	0.846869	0.876112	0.487655	0.505237	0.658401	0.458852	0.283036	0.341828	0.264124	0.298152	0.189354	0.166184	0.169338	0.227349	0.235111	0.136354	0.142821	0.20036	0.251054	0.249041	0.189343	0.124522	0.0955952	0.0383711	0.0228566
C033D	29	C033D.4.DAT	20062	3	0.012379	0.0369514	0.0736293	0.396876	0.846251	0.899422	0.510418	0.526413	0.684053	0.471133	0.293755	0.354895	0.283453	0.317945	0.203723	0.179033	0.184448	0.244933	0.250747	0.144777	0.153354	0.210484	0.27908	0.26592	0.201715	0.138898	0.106585	0.0410171	0.02269
E123B	65	E123B.0.DAT	33500	4	0.00255073	0.0175436	0.0986216	0.494052	0.912868	0.846326	0.502265	0.532908	0.639643	0.468624	0.273296	0.275778	0.26193	0.249028	0.175585	0.169128	0.174114	0.220319	0.247433	0.179399	0.184408	0.215262	0.249434	0.233538	0.163256	0.0986397	0.049384	0.0211439	0.00923298
E123B	65	E123B.1.DAT	33501	4	0.0037798	0.0220565	0.111379	0.494361	0.904997	0.884315	0.535151	0.564703	0.673219	0.478608	0.286093	0.29241	0.278298	0.256297	0.181361	0.17613	0.180688	0.223834	0.239339	0.168766	0.175313	0.206918	0.241295	0.227113	0.160576	0.0946252	0.0450604	0.0166573	0.00730038
E123B	65	E123B.2.DAT	33502	4	0.00283709	0.0180426	0.100966	0.458128	0.878271	0.911378	0.549991	0.569241	0.705727	0.516523	0.301796	0.305961	0.290005	0.2705	0.190062	0.184706	0.189692	0.232476	0.248584	0.168262	0.168986	0.196427	0.236225	0.230672	0.166005	0.099018	0.0518324	0.0217274	0.00966648
E123B	65	E123B.3.DAT	33503	4	0.00314559	0.020456	0.112961	0.48444	0.893897	0.901281	0.551958	0.574175	0.684322	0.487582	0.295956	0.300437	0.287064	0.261811	0.186731	0.181475	0.186025	0.227555	0.241309	0.165796	0.169944	0.198488	0.234426	0.226386	0.1622	0.0951434	0.0460919	0.0160073	0.0067679
E123B	65	E123B.4.DAT	33504	4	0.00373867	0.0231822	0.119184	0.508396	0.917475	0.877327	0.526275	0.559818	0.663887	0.455965	0.276737	0.283775	0.271474	0.24791	0.176377	0.172999	0.179222	0.223005	0.238007	0.16709	0.174583	0.20767	0.244104	0.228608	0.161229	0.0944971	0.0444123	0.0152084	0.00559928
E062C	59	E062C.0.DAT	32736	5	0.00260596	0.017616	0.0873967	0.418915	0.839886	0.936585	0.581845	0.582945	0.743825	0.601329	0.34527	0.339162	0.321432	0.30839	0.215925	0.204646	0.20445	0.247531	0.266508	0.172866	0.158412	0.180868	0.227514	0.235415	0.171195	0.0990971	0.0506806	0.0208677	0.00867557
E062C	59	E062C.1.DAT	32737	5	0.00283075	0.0216835	0.0999828	0.446869	0.854042	0.941246	0.611761	0.607627	0.753724	0.61523	0.367025	0.35665	0.335878	0.31473	0.22431	0.211879	0.211876	0.256067	0.269707	0.178312	0.167473	0.191932	0.236033	0.241314	0.176267	0.105025	0.0535949	0.0211461	0.00870646
E062C	59	E062C.2.DAT	32738	5	0.00385548	0.0178615	0.0875642	0.415512	0.836467	0.942032	0.589234	0.585915	0.751742	0.614714	0.352479	0.344631	0.325696	0.312157	0.219688	0.207779	0.207994	0.251479	0.269293	0.173189	0.158056	0.180025	0.227621	0.236693	0.172347	0.0993748	0.0520221	0.0219078	0.00943592
E062C	59	E062C.3.DAT	32739	5	0.0037354	0.0218375	0.0993666	0.443041	0.850926	0.940278	0.606309	0.60235	0.754378	0.620974	0.368535	0.356338	0.335489	0.314889	0.224091	0.21104	0.210942	0.255319	0.270198	0.177495	0.165582	0.189139	0.235516	0.242932	0.178236	0.104966	0.0532827	0.0204204	0.008404
E062C	59	E062C.4.DAT	32740	5	0.00415378	0.0208916	0.0987876	0.443992	0.852785	0.936802	0.597201	0.596668	0.747322	0.609551	0.359503	0.34816	0.327035	0.308411	0.218599	0.206161	0.206674	0.250721	0.266582	0.176142	0.164123	0.188318	0.234223	0.238758	0.172394	0.101284	0.052994	0.021822	0.00902243
F042D	77	F042D.0.DAT	59078	6	0.00278675	0.028396	0.0982879	0.47427	0.904517	0.890079	0.555819	0.574547	0.653783	0.445307	0.268764	0.284445	0.27686	0.24177	0.159158	0.147443	0.144895	0.179807	0.203545	0.152393	0.185937	0.249234	0.298067	0.30894	0.270451	0.200041	0.108194	0.0491062	0.0185256
F042D	77	F042D.1.DAT	59079	6	0.00465942	0.0320377	0.104078	0.508379	0.932407	0.850822	0.527007	0.559214	0.615491	0.409988	0.255943	0.274148	0.269618	0.238141	0.159081	0.148314	0.146925	0.182317	0.218971	0.177807	0.20931	0.261786	0.28981	0.274948	0.218535	0.148765	0.0711875	0.0263251	0.00996563
F042D	77	F042D.2.DAT	59080	6	0.00547222	0.0384701	0.125897	0.566054	0.951961	0.813043	0.517964	0.539772	0.56824	0.387104	0.243996	0.257801	0.249476	0.213901	0.138346	0.127299	0.126763	0.164595	0.2194	0.197217	0.240062	0.292271	0.30049	0.268173	0.200084	0.125334	0.0513189	0.0104799	0.00247723
F042D	77	F042D.3.DAT	59081	6	0.00325606	0.0299139	0.0942877	0.468102	0.90767	0.873112	0.527148	0.556226	0.640072	0.429601	0.253652	0.271235	0.26479	0.231008	0.146805	0.137146	0.135181	0.171367	0.199292	0.15152	0.188424	0.253781	0.304373	0.314167	0.267076	0.193763	0.104645	0.047855	0.0203493
F042D	77	F042D.4.DAT	59082	6	0.0030746	0.0332957	0.111542	0.511276	0.917774	0.877246	0.556572	0.579127	0.644682	0.443056	0.274799	0.291701	0.284478	0.24664	0.165173	0.153376	0.150904	0.184813	0.212522	0.165117	0.205549	0.269655	0.306495	0.297903	0.240803	0.164264	0.0752116	0.0227658	0.00671723
F113A	88	F113A.10.DAT	62686	7	0.0068242	0.0326999	0.120007	0.521188	0.92357	0.869352	0.58323	0.601414	0.622607	0.422249	0.272712	0.286079	0.283748	0.237031	0.16076	0.152119	0.148969	0.180998	0.208771	0.172238	0.227432	0.33184	0.373796	0.338734	0.266213	0.189167	0.0900911	0.0298097	0.00508935
F113A	88	F113A.11.DAT	62687	7	0.00448297	0.0302442	0.118232	0.519631	0.92248	0.869535	0.581526	0.599647	0.621857	0.417976	0.271223	0.284642	0.283201	0.235977	0.159331	0.150392	0.147463	0.179462	0.208833	0.171996	0.228031	0.33353	0.37576	0.338119	0.265863	0.188773	0.0891941	0.029508	0.00446146
F113A	88	F113A.12.DAT	62688	7	0.00849837	0.0466924	0.137389	0.528483	0.927945	0.867324	0.58081	0.593438	0.613222	0.413346	0.274917	0.290272	0.285298	0.23557	0.157954	0.147873	0.146564	0.182349	0.217051	0.185069	0.244429	0.350692	0.389925	0.350931	0.277052	0.19792	0.0938143	0.0313034	0.00605911
F113A	88	F113A.13.DAT	62689	7	0.0101105	0.0464985	0.13674	0.535407	0.932015	0.86835	0.583167	0.596471	0.61928	0.421629	0.280847	0.295792	0.292622	0.242148	0.162203	0.15008	0.147476	0.183073	0.221506	0.189968	0.252664	0.369288	0.415062	0.375646	0.301879	0.220606	0.105983	0.0367669	0.00675152
F113A	88	F113A.14.DAT	62690	7	0.00524116	0.033798	0.126491	0.542081	0.937436	0.858966	0.576766	0.588489	0.607473	0.415709	0.269203	0.281074	0.279929	0.233042	0.154854	0.142912	0.140154	0.175743	0.213779	0.182624	0.246852	0.367014	0.411397	0.368988	0.295492	0.215838	0.101064	0.0348421	0.00685995
F113A	88	F113A.15.DAT	62691	7	0.0101105	0.0464985	0.13674	0.535407	0.932015	0.86835	0.583167	0.596471	0.61928	0.421629	0.280847	0.295792	0.292622	0.242148	0.162203	0.15008	0.147476	0.183073	0.221506	0.189968	0.252664	0.369288	0.415062	0.375646	0.301879	0.220606	0.105983	0.0367669	0.00675152
G024F	99	G024F.0.DAT	34492	8	0.00373223	0.0126006	0.100514	0.489296	0.915773	0.887059	0.55294	0.563927	0.655358	0.471903	0.291703	0.298909	0.291224	0.273281	0.194302	0.187262	0.192847	0.238638	0.264824	0.195706	0.197379	0.227565	0.260775	0.245879	0.171622	0.0989109	0.0508114	0.0202232	0.010587
G024F	99	G024F.1.DAT	34493	8	0.00351371	0.0119097	0.0991915	0.467226	0.894075	0.904659	0.558593	0.564835	0.674341	0.489678	0.297338	0.302503	0.292251	0.276376	0.197459	0.191566	0.198413	0.24582	0.270175	0.191864	0.18767	0.216216	0.255616	0.244945	0.169151	0.0953943	0.0523399	0.0215007	0.0104832
G024F	99	G024F.2.DAT	34494	8	0.00289052	0.0134792	0.0991567	0.460309	0.88349	0.914603	0.569984	0.57898	0.689385	0.497631	0.301582	0.308038	0.29793	0.277755	0.197431	0.191515	0.196624	0.241651	0.260099	0.181349	0.179274	0.208469	0.245956	0.236191	0.162442	0.0926579	0.050438	0.0202609	0.0102307
G024F	99	G024F.3.DAT	34495	8	0.00360184	0.0136252	0.0999209	0.461398	0.887936	0.911216	0.56145	0.572375	0.684847	0.490413	0.299311	0.306285	0.295748	0.275245	0.195271	0.190413	0.195866	0.24164	0.260715	0.182655	0.18258	0.21315	0.251628	0.239818	0.166755	0.0949791	0.0510385	0.0196321	0.0100591
G024F	99	G024F.4.DAT	34496	8	0.00352075	0.0080291	0.0813735	0.409755	0.854756	0.929613	0.554236	0.551846	0.70144	0.515503	0.297305	0.304568	0.29414	0.282541	0.197495	0.193015	0.20023	0.248552	0.271462	0.183408	0.179173	0.211419	0.260097	0.255838	0.177049	0.0981244	0.0555629	0.023272	0.0124249
G131A	115	G131A.0.DAT	39853	9	0.00119209	0.0157506	0.0892052	0.449944	0.874471	0.897247	0.564608	0.578372	0.681303	0.500209	0.285452	0.284018	0.280392	0.257826	0.169131	0.157429	0.157304	0.200649	0.230018	0.152821	0.165034	0.239701	0.308798	0.314937	0.250745	0.179362	0.106948	0.0489338	0.0162468
